0.000000000000000000e+00 2.373915139802744087e-02 3.784631602940751599e-02 4.800156918526748279e-02 5.598696209254469536e-02 6.259710241790035490e-02 6.825629406665949250e-02 7.321806618149143131e-02 7.764611535983025059e-02 8.165232478699487040e-02 8.531657607510631514e-02 8.869790973164194681e-02 9.184120642232132536e-02 9.478138727261120611e-02 9.754616292474854733e-02 1.001578944977065677e-01 1.026348900308002576e-01 1.049923302633970351e-01 1.072429441139759604e-01
2.373915139802744087e-02 -3.659633301335814271e-02 -3.803136407773049371e-02 -3.031828433778801374e-02 -2.400313163420745438e-02 -1.860454344126104623e-02 -1.277908136338378776e-02 -8.061630456503930328e-03 -3.163851611856513014e-03 1.108532886306560876e-03 4.974536607489961001e-03 8.645462722160721439e-03 1.194440628272136137e-02 1.530932388779298811e-02 1.853664673525924622e-02 2.130814827771564807e-02 2.414907797457694488e-02 2.682367465057493641e-02 2.931537086641488113e-02
3.784631602940751599e-02 -3.261015542124071770e-02 -5.037041627460469434e-02 -6.137082985473264057e-02 -5.574683628499980254e-02 -6.165582801276504182e-02 -1.722787767885373272e-02 -4.203390116209494709e-02 -5.089517696866474594e-02 -3.445490078209010459e-02 -4.407979520424945563e-02 -4.099642845096536370e-02 -3.755083635488572213e-02 -3.496912872435634090e-02 -3.323030177135491425e-02 -1.821977974608277040e-02 -2.795239662097053282e-02 -2.502361645564146059e-02 -2.326855893388607779e-02
4.800156918526748279e-02 -2.492283250484847446e-02 -6.265421546421943988e-02 -8.459644044602204760e-02 -5.084813615622769956e-02 -9.703101463934371562e-02 -9.229510603543451819e-02 -8.799276302841439745e-02 -8.443442492499038388e-02 -8.067393664789654362e-02 -7.822430433222879453e-02 -7.545296372262040585e-02 -7.228975883066980634e-02 -6.919764170950408466e-02 -6.726230455461373881e-02 -6.394808937403176352e-02 -6.224850170466228461e-02 -5.922666786670853500e-02 -5.813178283704867333e-02
5.598696209254469536e-02 -2.216732869175156578e-02 -1.984322424893353309e-02 -7.821041977396776812e-02 -9.320249455288165397e-02 -8.891680944892707550e-02 -8.646737895117254102e-02 -8.385516136594391157e-02 -7.909303689880177457e-02 -7.738631175725885214e-02 -7.487012318752638007e-02 -7.032439589153134663e-02 -6.741588373162216152e-02 -6.290858629260726032e-02 -6.322927989512418245e-02 -5.761507016053376423e-02 -5.349905058599788155e-02 -5.573134442028223473e-02 -5.060035578146535040e-02
6.259710241790046592e-02 -1.474752861262662237e-02 -5.360585375332771463e-02 -7.276370762910688850e-02 -8.786149599621916051e-02 -8.370334548456208335e-02 -8.228276458165387219e-02 -7.541031130486772205e-02 -7.398074911690978583e-02 -7.174326203833532312e-02 -6.899523392637178787e-02 -6.522971318435144550e-02 -6.192589552678876008e-02 -5.974285814371915748e-02 -5.297202064691903384e-02 -5.426381085492932438e-02 -4.904308419298906985e-02 -5.022717249049503396e-02 -4.580549909967601002e-02
6.825629406665960353e-02 -1.263114684571542932e-02 -4.777254550243685560e-02 -7.071209019899465931e-02 -8.414374478897995724e-02 -8.009166573499143515e-02 -7.720528152028126312e-02 -7.554988756316242948e-02 -6.869024340276275176e-02 -6.718436541219355296e-02 -6.264443683641435223e-02 -5.736133007435995079e-02 -5.763906669793599641e-02 -5.483078758418154230e-02 -5.399055114866731231e-02 -4.879516738723358588e-02 -4.909331193697061280e-02 -4.072160603614734253e-02 -3.899555790295840263e-02
7.321806618149154233e-02 -7.895370806173482650e-03 -4.601697542396233909e-02 -6.848722626628898913e-02 -8.158102724225597957e-02 -7.601323717230967780e-02 -7.199372224283333288e-02 -6.866023833393736231e-02 -6.464641289266359614e-02 -6.373201440482408053e-02 -6.024349646108963924e-02 -4.969625201021459632e-02 -5.140296441756284085e-02 -4.768291418987118807e-02 -4.746588027336134941e-02 -3.624312617035563289e-02 -3.781440255786538279e-02 -3.720506416659357524e-02 -3.468228944693073357e-02
7.764611535983025059e-02 -3.758513729969836965e-03 -4.245630713416139596e-02 -5.112586676582104445e-02 -7.816445185032828979e-02 -7.500106873883830017e-02 -6.950891140007353641e-02 -6.761607615870945942e-02 -6.039345502291257328e-02 -5.532652478688269287e-02 -5.110014413029419222e-02 -4.584209700489359773e-02 -4.655690653268618889e-02 -4.212594770418127965e-02 -3.759757270707564381e-02 -3.908428689670643413e-02 -3.329585370609172007e-02 -3.274837416998468281e-02 -2.704151450801949019e-02
8.165232478699477325e-02 4.577664179047810601e-04 -3.913488542514218654e-02 -6.154238615954284175e-02 -5.685818490476746145e-02 -7.056609563339115432e-02 -6.771581457467273912e-02 -5.975418524326066988e-02 -5.757920507925148174e-02 -5.337743933891785780e-02 -5.080484758604903589e-02 -4.274221048157493541e-02 -4.130467533858186990e-02 -3.587550417027214611e-02 -3.754275836565645896e-02 -3.065042708890994283e-02 -2.802310941021340929e-02 -2.520111432564320353e-02 -2.459305550682690245e-02
8.531657607510664820e-02 3.430105305505734559e-03 -1.606647795954311078e-02 -4.656386439190947357e-02 -7.062006211467253269e-02 -6.633103858796000896e-02 -6.334692671942727948e-02 -5.447521691084835499e-02 -5.303562149689791672e-02 -4.825594008647112604e-02 -4.401383271815982601e-02 -4.317816838785902556e-02 -3.874034133433519600e-02 -3.586423843615427209e-02 -3.407138514396894358e-02 -2.899097992340989027e-02 -2.555119904786132268e-02 -2.278650262566442319e-02 -2.463433590778756066e-02
8.869790973164183578e-02 7.302957892371573882e-03 -1.709687571664737782e-02 -3.479722561449924423e-02 -6.054187763943835732e-02 -6.293600161585898023e-02 -6.029335061699603315e-02 -5.541519238564512201e-02 -4.901075306797041120e-02 -4.426457777728846910e-02 -4.283308208986334742e-02 -3.523007777568159388e-02 -3.778014933284749161e-02 -2.798876316976028900e-02 -2.559951114774151881e-02 -2.255016681663579714e-02 -1.783945772720224587e-02 -1.586729713223106186e-02 -9.840088256641552067e-03
9.184120642232132536e-02 1.039166629006221115e-02 -2.977130297807867657e-02 -5.323356389121428056e-02 -6.449280808367946483e-02 -5.617306348257215809e-02 -5.355090199401395940e-02 -4.918591404274239021e-02 -4.519111155917767547e-02 -4.405280008611503484e-02 -3.805220733087441576e-02 -3.379203347475950164e-02 -3.467050140017131216e-02 -2.815857273981398068e-02 -2.851623876162318050e-02 -2.080548719744455821e-02 -1.237526941991985707e-02 -1.390540704266311767e-02 -8.618778796043807811e-03
9.478138727261109509e-02 1.389663272342628320e-02 -2.674759647264849521e-02 -4.998643080281200274e-02 -3.181936117974509121e-02 -5.713218460219858519e-02 -5.384237121056251185e-02 -5.072963523914569145e-02 -4.168675116811966508e-02 -3.980981183377248211e-02 -2.865131712979594736e-02 -2.921850391348879139e-02 -2.624043857625386889e-02 -2.099510258980996635e-02 -1.738744223833992020e-02 -1.334164754078090431e-02 -1.508980497517359298e-02 -6.043781619374715385e-03 -3.040199286371918740e-03
9.754616292474854733e-02 1.714003390144282907e-02 -5.670545024080381712e-03 -4.785344433696787914e-02 -1.247471409699330708e-02 -5.552106950157762594e-02 -5.250978916861767654e-02 -4.320650592975831816e-02 -4.137728352014856392e-02 -3.953897660577453121e-02 -3.032059382228985411e-02 -2.793807199650068240e-02 -2.687480908218371767e-02 -2.070396024981362160e-02 -1.312383444715853331e-02 -1.036913415423583451e-02 -4.290963546002688660e-04 -2.462078051198120753e-03 7.481583871463284114e-04
1.001578944977066787e-01 1.995218780381446608e-02 -2.098393868306631938e-02 -4.543568979174211764e-02 -5.728425992082394197e-02 -5.463107621889510407e-02 -4.798880707535916473e-02 -4.119460733879330705e-02 -3.647507799382370547e-02 -3.362133203988014463e-02 -2.821921877476747664e-02 -2.138629099929843791e-02 -1.801847597647454613e-02 -1.360323313805897327e-02 -1.237497701093152880e-02 -6.681038680077257784e-03 -3.038627125423256324e-03 7.367332260731226197e-04 4.250245377695708628e-03
1.026348900308002576e-01 2.241552299793376363e-02 -1.806409448775007573e-02 -3.172330686847473630e-02 -5.501177614782380709e-02 -5.237891471163368118e-02 -3.782971133980703171e-02 -3.966900430004583616e-02 -3.473390127661751120e-02 -2.716518027928054024e-02 -2.290875169925901678e-02 -1.736823630308487187e-02 -1.122300579416349309e-02 -1.181258920828201497e-02 -4.663071794063832452e-03 -1.830722518468274294e-03 4.665906727892924800e-03 5.603814272852795410e-03 1.212558019119210073e-02
1.049923302633971184e-01 2.558341324665430044e-02 -1.639065155256981543e-02 -1.649984639733783828e-02 -5.421970035890518597e-02 -4.737810389847653403e-02 -4.037098830350510648e-02 -3.681752921418685737e-02 -2.739683918723084116e-02 -2.663984391578379241e-02 -1.921103677869255566e-02 -1.860524041220108782e-02 -1.199440645911593883e-02 -5.498825617314086721e-03 -1.050957050608008168e-03 4.353021474274174941e-03 5.499018293136676873e-03 1.394329563549827344e-02 1.076727506585430094e-02
1.072429441139758494e-01 2.803652856645921093e-02 -1.402684546525051132e-02 -2.610052861363001964e-02 -4.532653983898801697e-02 -4.279414994131314903e-02 -3.563723071318271318e-02 -3.155691684139805275e-02 -2.641232340446407478e-02 -2.364911493835542000e-02 -1.568839045786224462e-02 -9.303116813522402384e-03 -7.627612777950264732e-03 -5.372976207916282075e-03 1.209424291906500450e-03 1.156504215401602843e-03 1.413027279691536631e-02 1.612376178785666914e-02 2.262016703859368039e-02
